bins	0-1	1-2	2-3	3-4	4-5	5-6	6-8	8-10	10-12	12-16	16-23	23-68	68-150
0-1	0.0	0.05788982259570495	0.06695827725437416	0.08232118758434548	0.049248747913188645	0.059025394646533974	0.07384987893462469	0.0738255033557047	0.07755775577557755	0.06970324361628709	0.07087172218284904	0.06755753526354863	0.1935483870967742
1-2	0.17163009404388715	0.2405851229380641	0.234185733512786	0.2807017543859649	0.21786310517529214	0.19698009608785175	0.23002421307506052	0.21946308724832214	0.2367986798679868	0.2139406487232574	0.19347980155917788	0.18782479584261322	0.22580645161290322
2-3	0.33072100313479624	0.39993775287892935	0.4128532974427994	0.42375168690958165	0.345575959933222	0.37817433081674673	0.36138014527845036	0.36778523489932885	0.36633663366336633	0.3492063492063492	0.3111268603827073	0.289532293986637	0.3225806451612903
3-4	0.41849529780564265	0.4920634920634921	0.4831763122476446	0.5114709851551957	0.42904841402337224	0.45161290322580644	0.4340193704600484	0.42416107382550333	0.43399339933993397	0.40993788819875776	0.37491141034727143	0.33704528582034154	0.3870967741935484
4-5	0.47884012539184956	0.5596016184251479	0.547442799461642	0.5701754385964912	0.4899833055091819	0.4975978037062457	0.48789346246973364	0.4791946308724832	0.481023102310231	0.4810213940648723	0.4344436569808646	0.38604305864884936	0.4838709677419355
5-6	0.5344827586206897	0.6265172735760971	0.6362718707940781	0.6322537112010796	0.556761268781302	0.5820178448867536	0.5581113801452784	0.5657718120805368	0.5651815181518152	0.5479641131815045	0.4939759036144578	0.44840386043058655	0.4838709677419355
6-7	0.5885579937304076	0.6722689075630252	0.6732839838492598	0.6680161943319838	0.6101836393989982	0.6177076183939602	0.6004842615012106	0.6100671140939596	0.608085808580858	0.5990338164251208	0.5279943302622253	0.4877505567928731	0.5483870967741935
7-8	0.6418495297805644	0.7068160597572362	0.7049125168236878	0.7071524966261808	0.6535893155258764	0.6582017844886753	0.6368038740920097	0.6389261744966442	0.6485148514851484	0.6363008971704623	0.5740609496810772	0.5434298440979956	0.5806451612903225
8-9	0.6912225705329155	0.7410519763460939	0.759421265141319	0.7368421052631579	0.7095158597662771	0.7144818119423472	0.6809927360774818	0.6812080536912751	0.6914191419141913	0.6825396825396824	0.6293408929836994	0.5916852264291017	0.5806451612903225
9-10	0.7264890282131663	0.7671957671957671	0.7833109017496636	0.7584345479082321	0.7378964941569282	0.7398764584763211	0.7136803874092009	0.7120805369127516	0.7293729372937292	0.7039337474120082	0.6562721474131821	0.6258351893095768	0.6129032258064515
10-11	0.749216300940439	0.7942732648615001	0.8051816958277255	0.7840755735492577	0.7737896494156927	0.7597803706245709	0.7427360774818401	0.7395973154362415	0.7549504950495047	0.7287784679089027	0.6853295535081502	0.6585003711952487	0.6129032258064515
11-12	0.7836990595611286	0.8222844693432928	0.8405114401076716	0.8137651821862347	0.8071786310517528	0.8071379547014412	0.782687651331719	0.7751677852348993	0.7896039603960394	0.7598343685300206	0.7136782423812897	0.6911655530809206	0.6774193548387095
12-13	0.8072100313479624	0.8468720821661997	0.857671601615074	0.8353576248313089	0.8263772954924874	0.82566918325326	0.8032687651331718	0.7953020134228187	0.8077557755775576	0.7763975155279502	0.7420269312544293	0.7119524870081664	0.6774193548387095
13-14	0.8244514106583073	0.8627450980392155	0.8704576043068641	0.8515519568151146	0.845575959933222	0.8400823610157857	0.8147699757869248	0.8073825503355704	0.8209570957095709	0.7929606625258798	0.767540751240255	0.7357089829250186	0.7419354838709675
14-15	0.8369905956112853	0.8755057578586989	0.8896366083445492	0.8738191632928475	0.8614357262103506	0.8654770075497596	0.8383777239709441	0.8255033557046979	0.8424092409240923	0.8136645962732918	0.7852586817859672	0.7676317743132889	0.7419354838709675
15-16	0.8518808777429467	0.887955182072829	0.9010767160161508	0.8839406207827261	0.8772954924874792	0.8819492107069319	0.8498789346246971	0.8436241610738254	0.8671617161716171	0.8336783988957901	0.805102763997165	0.7832219747587232	0.7419354838709675
16-17	0.8659874608150471	0.8972922502334265	0.9094885598923285	0.8947368421052632	0.8823038397328882	0.8963623884694576	0.8607748184019368	0.8536912751677852	0.8803630363036303	0.8433402346445824	0.8206945428773917	0.8025241276911657	0.7419354838709675
17-18	0.8785266457680251	0.906629318394024	0.9216016150740243	0.9089068825910931	0.8939899833055092	0.9128345916266298	0.880145278450363	0.8697986577181208	0.8935643564356436	0.8612836438923395	0.8454996456413889	0.8270230141054196	0.7419354838709675
18-19	0.8918495297805643	0.9150326797385618	0.926985195154778	0.9197031039136302	0.9106844741235393	0.9217570350034314	0.8886198547215494	0.8791946308724833	0.9018151815181519	0.8709454796411318	0.8547129695251593	0.8396436525612473	0.7419354838709675
19-20	0.8996865203761756	0.9225023342670399	0.9347240915208614	0.9271255060728745	0.9156928213689483	0.92656142759094	0.8983050847457624	0.8919463087248323	0.9084158415841584	0.8819875776397516	0.8632175761871012	0.8500371195248702	0.7419354838709675
20-21	0.9114420062695925	0.9318394024276374	0.9461641991924631	0.9325236167341431	0.9282136894824707	0.9368565545641726	0.9104116222760288	0.9053691275167786	0.9207920792079208	0.8930296756383713	0.8851878100637843	0.8671121009651077	0.7419354838709675
21-22	0.9184952978056427	0.9393090569561154	0.9498654104979812	0.9392712550607287	0.9348914858096827	0.9423472889498967	0.9152542372881354	0.9100671140939598	0.9249174917491749	0.9013112491373362	0.8951098511693832	0.8752783964365257	0.8064516129032255
22-23	0.9294670846394985	0.946156240273887	0.9549125168236878	0.9453441295546559	0.9407345575959932	0.9485243651338363	0.9243341404358352	0.9248322147651007	0.9306930693069307	0.9089026915113873	0.9029057406094967	0.8849294729027469	0.8064516129032255
23-24	0.932601880877743	0.9511360099595391	0.9623149394347241	0.9507422402159245	0.9449081803005007	0.9533287577213448	0.9322033898305083	0.9295302013422819	0.938943894389439	0.9158040027605245	0.9114103472714385	0.8982925018559763	0.8064516129032255
24-25	0.9380877742946708	0.9545596016184248	0.9663526244952894	0.9541160593792173	0.9482470784641067	0.9574468085106379	0.9376513317191282	0.938255033557047	0.943894389438944	0.9206349206349207	0.9177888022678949	0.9086859688195992	0.8387096774193545
25-26	0.9427899686520376	0.9582944288826638	0.9697173620457604	0.9568151147098516	0.9557595993322202	0.9608785175017155	0.9400726392251815	0.9429530201342282	0.9455445544554456	0.927536231884058	0.9241672572643513	0.919079435783222	0.8709677419354835
26-27	0.9490595611285266	0.9623404917522561	0.9737550471063257	0.9615384615384616	0.9582637729549247	0.9663692518874396	0.9479418886198546	0.9489932885906041	0.9480198019801981	0.935127674258109	0.9319631467044648	0.92724573125464	0.9032258064516125
27-28	0.9521943573667712	0.9666977902272016	0.9764468371467026	0.9649122807017544	0.9599332220367277	0.9691146190803016	0.9527845036319612	0.9543624161073826	0.952970297029703	0.9392684610075914	0.9383416017009212	0.9324424647364515	0.9032258064516125
28-29	0.9584639498432602	0.9698101462807341	0.9781292059219381	0.9669365721997301	0.9616026711185307	0.9698009608785171	0.9539951573849879	0.9563758389261745	0.9595709570957096	0.9434092477570738	0.9454287739192061	0.937639198218263	0.9032258064516125
29-30	0.9623824451410659	0.9723000311235601	0.9814939434724091	0.9723346828609987	0.9682804674457427	0.9732326698695947	0.960048426150121	0.9604026845637584	0.9603960396039605	0.94824016563147	0.9503897944720056	0.945805493689681	0.9354838709677415
30-31	0.9655172413793104	0.9757236227824458	0.9828398384925976	0.975033738191633	0.9699499165275457	0.9759780370624567	0.9648910411622276	0.9630872483221476	0.962871287128713	0.9523809523809523	0.9532246633593195	0.9524870081662957	0.9354838709677415
31-32	0.9678683385579938	0.9791472144413316	0.9831763122476447	0.9770580296896086	0.9741235392320532	0.9807824296499652	0.9685230024213075	0.9651006711409396	0.9661716171617163	0.9579020013802622	0.9574769666902905	0.9547141796585006	0.9354838709677415
32-33	0.9717868338557994	0.9803921568627446	0.9848586810228802	0.9777327935222672	0.9757929883138562	0.9835277968428272	0.9721549636803875	0.9677852348993288	0.9694719471947196	0.9627329192546583	0.9617292700212614	0.9591685226429104	0.9354838709677415
33-34	0.9757053291536051	0.9816370992841577	0.9851951547779273	0.9797570850202428	0.9766277128547577	0.9849004804392583	0.9733656174334141	0.9711409395973154	0.9711221122112212	0.966183574879227	0.9631467044649183	0.9591685226429104	0.9354838709677415
34-35	0.9772727272727273	0.9831932773109239	0.9855316285329744	0.9804318488529014	0.9808013355592652	0.9862731640356893	0.975181598062954	0.9731543624161073	0.9719471947194721	0.9668737060041408	0.9652728561304038	0.9621380846325169	0.9354838709677415
35-36	0.9780564263322884	0.9841269841269836	0.987550471063257	0.9811066126855599	0.9833055091819697	0.9883321894303359	0.9769975786924939	0.9785234899328858	0.9752475247524754	0.9703243616287095	0.9681077250177178	0.9651076466221234	0.9354838709677415
36-37	0.981974921630094	0.9847494553376901	0.9878869448183041	0.982456140350877	0.9849749582637727	0.9897048730267669	0.9788135593220338	0.9798657718120805	0.9760726072607263	0.9723947550034507	0.9688164422395463	0.9665924276169268	0.9354838709677415
37-38	0.9851097178683386	0.9856831621537498	0.9882234185733512	0.9838056680161942	0.9874791318864772	0.991077556623198	0.9794188861985471	0.9805369127516778	0.9768976897689772	0.974465148378192	0.9702338766832033	0.9695619896065333	0.9354838709677415
38-39	0.9858934169278997	0.9869281045751629	0.9885598923283982	0.9858299595141699	0.9874791318864772	0.992450240219629	0.9806295399515738	0.9825503355704697	0.9793729372937297	0.9765355417529332	0.9744861800141742	0.9732739420935415	0.9354838709677415
39-40	0.9866771159874608	0.9875505757858694	0.9895693135935396	0.9858299595141699	0.9883138564273787	0.9931365820178445	0.983050847457627	0.9838926174496643	0.9810231023102313	0.9779158040027607	0.9773210489014882	0.9747587230883448	0.9354838709677415
40-41	0.988244514106583	0.9884842826019291	0.9899057873485867	0.9858299595141699	0.9899833055091817	0.9931365820178445	0.9854721549636803	0.9859060402684562	0.9818481848184821	0.9799861973775019	0.9780297661233167	0.9755011135857464	0.9354838709677415
41-42	0.9890282131661441	0.9906629318394019	0.9915881561238222	0.9885290148448042	0.9908180300500832	0.99382292381606	0.9860774818401936	0.9872483221476508	0.9834983498349837	0.9827467218771568	0.9801559177888022	0.9762435040831481	0.9354838709677415
42-43	0.9898119122257052	0.9912854030501084	0.9922611036339164	0.9905533063427798	0.9908180300500832	0.9945092656142754	0.9860774818401936	0.9879194630872481	0.9843234323432346	0.9841269841269843	0.9815733522324591	0.9792130660727546	0.9354838709677415
43-44	0.9898119122257052	0.9922191098661681	0.9925975773889635	0.9912280701754383	0.9916527545909847	0.9951956074124909	0.9872881355932203	0.98993288590604	0.9851485148514855	0.9848171152518981	0.9829907866761161	0.9814402375649595	0.9354838709677415
44-45	0.9898119122257052	0.9925303454715214	0.9929340511440106	0.9912280701754383	0.9924874791318862	0.9958819492107064	0.9891041162227602	0.9912751677852346	0.9859735973597363	0.9855072463768119	0.9836995038979446	0.9821826280623611	0.9354838709677415
45-46	0.9913793103448274	0.9931528166822279	0.9936069986541047	0.993252361673414	0.9941569282136892	0.9958819492107064	0.9891041162227602	0.9912751677852346	0.987623762376238	0.9875776397515531	0.9836995038979446	0.9829250185597628	0.9354838709677415
46-47	0.9913793103448274	0.9940865234982876	0.9939434724091518	0.993252361673414	0.9941569282136892	0.9958819492107064	0.9897094430992734	0.9912751677852346	0.987623762376238	0.9875776397515531	0.9844082211197731	0.9836674090571644	0.9354838709677415
47-48	0.9913793103448274	0.9940865234982876	0.994616419919246	0.9939271255060725	0.9941569282136892	0.9965682910089219	0.9909200968523001	0.9926174496644292	0.9892739273927396	0.9875776397515531	0.9865343727852586	0.9836674090571644	0.9354838709677415
48-49	0.9921630094043885	0.9943977591036409	0.9949528936742931	0.9952766531713897	0.9949916527545907	0.9965682910089219	0.9909200968523001	0.9932885906040265	0.9892739273927396	0.9882677708764669	0.9865343727852586	0.9851521900519677	0.9354838709677415
49-50	0.9921630094043885	0.9953314659197007	0.9956258411843872	0.9952766531713897	0.9949916527545907	0.9979409746053529	0.99273607748184	0.9932885906040265	0.9900990099009904	0.9889579020013807	0.9879518072289155	0.9858945805493694	0.9354838709677415
50-51	0.9929467084639496	0.995642701525054	0.9962987886944814	0.9952766531713897	0.9949916527545907	0.9979409746053529	0.9933414043583533	0.9939597315436238	0.9925742574257429	0.9889579020013807	0.9893692416725725	0.9881217520415743	0.9354838709677415
51-52	0.9937304075235107	0.995642701525054	0.9962987886944814	0.9952766531713897	0.9949916527545907	0.9979409746053529	0.9933414043583533	0.9946308724832211	0.9925742574257429	0.9889579020013807	0.9907866761162294	0.9888641425389759	0.9354838709677415
52-53	0.9937304075235107	0.9959539371304073	0.9969717362045756	0.9952766531713897	0.9958263772954922	0.9979409746053529	0.9933414043583533	0.9953020134228184	0.9933993399339938	0.9917184265010356	0.9922041105598863	0.9888641425389759	0.9354838709677415
53-54	0.9945141065830718	0.996887643946467	0.9973082099596227	0.9959514170040482	0.9958263772954922	0.9979409746053529	0.9939467312348665	0.9959731543624157	0.9950495049504954	0.9917184265010356	0.9922041105598863	0.9888641425389759	0.9677419354838706
54-55	0.9945141065830718	0.996887643946467	0.9979811574697168	0.9959514170040482	0.9966611018363937	0.9979409746053529	0.9939467312348665	0.9959731543624157	0.9958745874587462	0.993098688750863	0.9929128277817149	0.9888641425389759	0.9677419354838706
55-56	0.9945141065830718	0.9971988795518203	0.9979811574697168	0.9959514170040482	0.9966611018363937	0.9986273164035684	0.9939467312348665	0.9959731543624157	0.9958745874587462	0.993098688750863	0.9936215450035434	0.9903489235337792	0.9677419354838706
56-57	0.9945141065830718	0.99813258636788	0.9983176312247639	0.9959514170040482	0.9966611018363937	0.9986273164035684	0.9939467312348665	0.996644295302013	0.9958745874587462	0.9944789510006905	0.9936215450035434	0.9918337045285825	0.9999999999999996
57-58	0.9952978056426329	0.99813258636788	0.998654104979811	0.9966261808367067	0.9966611018363937	0.9986273164035684	0.9945520581113798	0.9973154362416103	0.9958745874587462	0.995859213250518	0.9943302622253719	0.9918337045285825	0.9999999999999996
58-59	0.9968652037617551	0.9984438219732333	0.998654104979811	0.9966261808367067	0.9966611018363937	0.9986273164035684	0.9945520581113798	0.9973154362416103	0.9958745874587462	0.9965493443754317	0.9943302622253719	0.9925760950259842	0.9999999999999996
59-60	0.9976489028213162	0.9987550575785866	0.998654104979811	0.9973009446693653	0.9974958263772952	0.9986273164035684	0.9945520581113798	0.9973154362416103	0.9966996699669971	0.9965493443754317	0.9943302622253719	0.9940608760207875	0.9999999999999996
60-61	0.9976489028213162	0.9987550575785866	0.998654104979811	0.9979757085020238	0.9974958263772952	0.9986273164035684	0.9945520581113798	0.9973154362416103	0.997524752475248	0.9965493443754317	0.9943302622253719	0.9940608760207875	0.9999999999999996
61-62	0.9976489028213162	0.9987550575785866	0.998654104979811	0.9979757085020238	0.9974958263772952	0.9986273164035684	0.9951573849878931	0.9973154362416103	0.997524752475248	0.9965493443754317	0.9943302622253719	0.9940608760207875	0.9999999999999996
62-63	0.9976489028213162	0.9987550575785866	0.9989905787348581	0.9979757085020238	0.9974958263772952	0.9986273164035684	0.9951573849878931	0.9973154362416103	0.9983498349834988	0.9972394755003455	0.9957476966690288	0.9940608760207875	0.9999999999999996
63-64	0.9976489028213162	0.9987550575785866	0.9989905787348581	0.9979757085020238	0.9983305509181967	0.9986273164035684	0.9957627118644063	0.9973154362416103	0.9991749174917497	0.9972394755003455	0.9957476966690288	0.9940608760207875	0.9999999999999996
64-65	0.9976489028213162	0.9987550575785866	0.9989905787348581	0.9986504723346823	0.9983305509181967	0.9986273164035684	0.9963680387409196	0.9979865771812076	0.9991749174917497	0.9972394755003455	0.9957476966690288	0.9940608760207875	0.9999999999999996
65-66	0.9976489028213162	0.9990662931839399	0.9993270524899052	0.9986504723346823	0.9983305509181967	0.9986273164035684	0.9969733656174329	0.9979865771812076	0.9991749174917497	0.9972394755003455	0.9957476966690288	0.9940608760207875	0.9999999999999996
66-67	0.9976489028213162	0.9990662931839399	0.9993270524899052	0.9986504723346823	0.9983305509181967	0.9986273164035684	0.9981840193704595	0.9979865771812076	0.9991749174917497	0.9972394755003455	0.9978738483345143	0.9940608760207875	0.9999999999999996
67-68	0.9992163009404385	0.9990662931839399	0.9993270524899052	0.9986504723346823	0.9983305509181967	0.9986273164035684	0.9981840193704595	0.998657718120805	0.9991749174917497	0.9972394755003455	0.9985825655563428	0.9948032665181892	0.9999999999999996
68-69	0.9992163009404385	0.9993775287892932	0.9993270524899052	0.9993252361673408	0.9991652754590982	0.9986273164035684	0.9987893462469728	0.998657718120805	0.9991749174917497	0.9972394755003455	0.9992912827781714	0.9948032665181892	0.9999999999999996
69-70	0.9992163009404385	0.9996887643946465	0.9993270524899052	0.9993252361673408	0.9991652754590982	0.9993136582017839	0.9987893462469728	0.998657718120805	0.9991749174917497	0.9972394755003455	0.9992912827781714	0.9948032665181892	0.9999999999999996
70-71	0.9992163009404385	0.9996887643946465	0.9993270524899052	0.9993252361673408	0.9991652754590982	0.9993136582017839	0.9987893462469728	0.998657718120805	0.9991749174917497	0.9972394755003455	0.9992912827781714	0.9948032665181892	0.9999999999999996
71-72	0.9992163009404385	0.9996887643946465	0.9996635262449522	0.9993252361673408	0.9991652754590982	0.9993136582017839	0.9987893462469728	0.9993288590604023	0.9991749174917497	0.9972394755003455	0.9992912827781714	0.9948032665181892	0.9999999999999996
72-73	0.9999999999999996	0.9996887643946465	0.9996635262449522	0.9993252361673408	0.9991652754590982	0.9993136582017839	0.9987893462469728	0.9993288590604023	0.9991749174917497	0.9972394755003455	0.9992912827781714	0.9948032665181892	0.9999999999999996
73-74	0.9999999999999996	0.9996887643946465	0.9996635262449522	0.9993252361673408	0.9991652754590982	0.9993136582017839	0.9987893462469728	0.9993288590604023	0.9991749174917497	0.9972394755003455	0.9999999999999999	0.9948032665181892	0.9999999999999996
74-75	0.9999999999999996	0.9996887643946465	0.9996635262449522	0.9993252361673408	0.9991652754590982	0.9993136582017839	0.9987893462469728	0.9993288590604023	0.9991749174917497	0.9972394755003455	0.9999999999999999	0.9955456570155908	0.9999999999999996
75-76	0.9999999999999996	0.9996887643946465	0.9996635262449522	0.9993252361673408	0.9991652754590982	0.9993136582017839	0.9987893462469728	0.9993288590604023	0.9991749174917497	0.9972394755003455	0.9999999999999999	0.9955456570155908	0.9999999999999996
76-77	0.9999999999999996	0.9996887643946465	0.9996635262449522	0.9993252361673408	0.9991652754590982	0.9993136582017839	0.9987893462469728	0.9993288590604023	0.9991749174917497	0.9972394755003455	0.9999999999999999	0.9962880475129925	0.9999999999999996
77-78	0.9999999999999996	0.9996887643946465	0.9996635262449522	0.9993252361673408	0.9991652754590982	0.9993136582017839	0.9987893462469728	0.9993288590604023	0.9991749174917497	0.9972394755003455	0.9999999999999999	0.9962880475129925	0.9999999999999996
78-79	0.9999999999999996	0.9996887643946465	0.9996635262449522	0.9993252361673408	0.9991652754590982	0.9993136582017839	0.9987893462469728	0.9993288590604023	0.9991749174917497	0.9972394755003455	0.9999999999999999	0.9962880475129925	0.9999999999999996
79-80	0.9999999999999996	0.9996887643946465	0.9996635262449522	0.9999999999999993	0.9991652754590982	0.9993136582017839	0.9987893462469728	0.9993288590604023	0.9991749174917497	0.9972394755003455	0.9999999999999999	0.9962880475129925	0.9999999999999996
80-81	0.9999999999999996	0.9996887643946465	0.9996635262449522	0.9999999999999993	0.9991652754590982	0.9993136582017839	0.9987893462469728	0.9993288590604023	1.0000000000000004	0.9972394755003455	0.9999999999999999	0.9962880475129925	0.9999999999999996
81-82	0.9999999999999996	0.9996887643946465	0.9996635262449522	0.9999999999999993	0.9991652754590982	0.9993136582017839	0.9987893462469728	0.9993288590604023	1.0000000000000004	0.9972394755003455	0.9999999999999999	0.9977728285077958	0.9999999999999996
82-83	0.9999999999999996	0.9996887643946465	0.9996635262449522	0.9999999999999993	0.9999999999999997	0.9993136582017839	0.9987893462469728	0.9993288590604023	1.0000000000000004	0.9979296066252593	0.9999999999999999	0.9977728285077958	0.9999999999999996
83-84	0.9999999999999996	0.9996887643946465	0.9999999999999993	0.9999999999999993	0.9999999999999997	0.9993136582017839	0.9987893462469728	0.9993288590604023	1.0000000000000004	0.9986197377501731	0.9999999999999999	0.9977728285077958	0.9999999999999996
84-85	0.9999999999999996	0.9996887643946465	0.9999999999999993	0.9999999999999993	0.9999999999999997	0.9993136582017839	0.9987893462469728	0.9993288590604023	1.0000000000000004	0.9986197377501731	0.9999999999999999	0.9977728285077958	0.9999999999999996
85-86	0.9999999999999996	0.9996887643946465	0.9999999999999993	0.9999999999999993	0.9999999999999997	0.9993136582017839	0.9987893462469728	0.9993288590604023	1.0000000000000004	0.9986197377501731	0.9999999999999999	0.9977728285077958	0.9999999999999996
86-87	0.9999999999999996	0.9996887643946465	0.9999999999999993	0.9999999999999993	0.9999999999999997	0.9993136582017839	0.9987893462469728	0.9993288590604023	1.0000000000000004	1.0000000000000007	0.9999999999999999	0.9977728285077958	0.9999999999999996
87-88	0.9999999999999996	0.9996887643946465	0.9999999999999993	0.9999999999999993	0.9999999999999997	0.9993136582017839	0.9987893462469728	0.9999999999999996	1.0000000000000004	1.0000000000000007	0.9999999999999999	0.9985152190051975	0.9999999999999996
88-89	0.9999999999999996	0.9996887643946465	0.9999999999999993	0.9999999999999993	0.9999999999999997	0.9993136582017839	0.9987893462469728	0.9999999999999996	1.0000000000000004	1.0000000000000007	0.9999999999999999	0.9985152190051975	0.9999999999999996
89-90	0.9999999999999996	0.9996887643946465	0.9999999999999993	0.9999999999999993	0.9999999999999997	0.9993136582017839	0.9987893462469728	0.9999999999999996	1.0000000000000004	1.0000000000000007	0.9999999999999999	0.9985152190051975	0.9999999999999996
90-91	0.9999999999999996	0.9996887643946465	0.9999999999999993	0.9999999999999993	0.9999999999999997	0.9993136582017839	0.9993946731234861	0.9999999999999996	1.0000000000000004	1.0000000000000007	0.9999999999999999	0.9985152190051975	0.9999999999999996
91-92	0.9999999999999996	0.9996887643946465	0.9999999999999993	0.9999999999999993	0.9999999999999997	0.9993136582017839	0.9999999999999993	0.9999999999999996	1.0000000000000004	1.0000000000000007	0.9999999999999999	0.9992576095025991	0.9999999999999996
92-93	0.9999999999999996	0.9996887643946465	0.9999999999999993	0.9999999999999993	0.9999999999999997	0.9993136582017839	0.9999999999999993	0.9999999999999996	1.0000000000000004	1.0000000000000007	0.9999999999999999	0.9992576095025991	0.9999999999999996
93-94	0.9999999999999996	0.9996887643946465	0.9999999999999993	0.9999999999999993	0.9999999999999997	0.9993136582017839	0.9999999999999993	0.9999999999999996	1.0000000000000004	1.0000000000000007	0.9999999999999999	0.9992576095025991	0.9999999999999996
94-95	0.9999999999999996	0.9996887643946465	0.9999999999999993	0.9999999999999993	0.9999999999999997	0.9993136582017839	0.9999999999999993	0.9999999999999996	1.0000000000000004	1.0000000000000007	0.9999999999999999	0.9992576095025991	0.9999999999999996
95-96	0.9999999999999996	0.9996887643946465	0.9999999999999993	0.9999999999999993	0.9999999999999997	0.9993136582017839	0.9999999999999993	0.9999999999999996	1.0000000000000004	1.0000000000000007	0.9999999999999999	0.9992576095025991	0.9999999999999996
96-97	0.9999999999999996	0.9996887643946465	0.9999999999999993	0.9999999999999993	0.9999999999999997	0.9993136582017839	0.9999999999999993	0.9999999999999996	1.0000000000000004	1.0000000000000007	0.9999999999999999	0.9992576095025991	0.9999999999999996
97-98	0.9999999999999996	0.9996887643946465	0.9999999999999993	0.9999999999999993	0.9999999999999997	0.9993136582017839	0.9999999999999993	0.9999999999999996	1.0000000000000004	1.0000000000000007	0.9999999999999999	0.9992576095025991	0.9999999999999996
98-99	0.9999999999999996	0.9996887643946465	0.9999999999999993	0.9999999999999993	0.9999999999999997	0.9993136582017839	0.9999999999999993	0.9999999999999996	1.0000000000000004	1.0000000000000007	0.9999999999999999	0.9992576095025991	0.9999999999999996
99-100	0.9999999999999996	0.9996887643946465	0.9999999999999993	0.9999999999999993	0.9999999999999997	0.9993136582017839	0.9999999999999993	0.9999999999999996	1.0000000000000004	1.0000000000000007	0.9999999999999999	0.9992576095025991	0.9999999999999996
100-101	0.9999999999999996	0.9996887643946465	0.9999999999999993	0.9999999999999993	0.9999999999999997	0.9993136582017839	0.9999999999999993	0.9999999999999996	1.0000000000000004	1.0000000000000007	0.9999999999999999	0.9992576095025991	0.9999999999999996
101-102	0.9999999999999996	0.9996887643946465	0.9999999999999993	0.9999999999999993	0.9999999999999997	0.9999999999999993	0.9999999999999993	0.9999999999999996	1.0000000000000004	1.0000000000000007	0.9999999999999999	0.9992576095025991	0.9999999999999996
102-103	0.9999999999999996	0.9996887643946465	0.9999999999999993	0.9999999999999993	0.9999999999999997	0.9999999999999993	0.9999999999999993	0.9999999999999996	1.0000000000000004	1.0000000000000007	0.9999999999999999	0.9992576095025991	0.9999999999999996
103-104	0.9999999999999996	0.9996887643946465	0.9999999999999993	0.9999999999999993	0.9999999999999997	0.9999999999999993	0.9999999999999993	0.9999999999999996	1.0000000000000004	1.0000000000000007	0.9999999999999999	0.9992576095025991	0.9999999999999996
104-105	0.9999999999999996	0.9996887643946465	0.9999999999999993	0.9999999999999993	0.9999999999999997	0.9999999999999993	0.9999999999999993	0.9999999999999996	1.0000000000000004	1.0000000000000007	0.9999999999999999	0.9992576095025991	0.9999999999999996
105-106	0.9999999999999996	0.9996887643946465	0.9999999999999993	0.9999999999999993	0.9999999999999997	0.9999999999999993	0.9999999999999993	0.9999999999999996	1.0000000000000004	1.0000000000000007	0.9999999999999999	0.9992576095025991	0.9999999999999996
106-107	0.9999999999999996	0.9996887643946465	0.9999999999999993	0.9999999999999993	0.9999999999999997	0.9999999999999993	0.9999999999999993	0.9999999999999996	1.0000000000000004	1.0000000000000007	0.9999999999999999	0.9992576095025991	0.9999999999999996
107-108	0.9999999999999996	0.9996887643946465	0.9999999999999993	0.9999999999999993	0.9999999999999997	0.9999999999999993	0.9999999999999993	0.9999999999999996	1.0000000000000004	1.0000000000000007	0.9999999999999999	0.9992576095025991	0.9999999999999996
108-109	0.9999999999999996	0.9996887643946465	0.9999999999999993	0.9999999999999993	0.9999999999999997	0.9999999999999993	0.9999999999999993	0.9999999999999996	1.0000000000000004	1.0000000000000007	0.9999999999999999	0.9992576095025991	0.9999999999999996
109-110	0.9999999999999996	0.9996887643946465	0.9999999999999993	0.9999999999999993	0.9999999999999997	0.9999999999999993	0.9999999999999993	0.9999999999999996	1.0000000000000004	1.0000000000000007	0.9999999999999999	0.9992576095025991	0.9999999999999996
110-111	0.9999999999999996	0.9996887643946465	0.9999999999999993	0.9999999999999993	0.9999999999999997	0.9999999999999993	0.9999999999999993	0.9999999999999996	1.0000000000000004	1.0000000000000007	0.9999999999999999	0.9992576095025991	0.9999999999999996
111-112	0.9999999999999996	0.9996887643946465	0.9999999999999993	0.9999999999999993	0.9999999999999997	0.9999999999999993	0.9999999999999993	0.9999999999999996	1.0000000000000004	1.0000000000000007	0.9999999999999999	0.9992576095025991	0.9999999999999996
112-113	0.9999999999999996	0.9996887643946465	0.9999999999999993	0.9999999999999993	0.9999999999999997	0.9999999999999993	0.9999999999999993	0.9999999999999996	1.0000000000000004	1.0000000000000007	0.9999999999999999	0.9992576095025991	0.9999999999999996
113-114	0.9999999999999996	0.9999999999999998	0.9999999999999993	0.9999999999999993	0.9999999999999997	0.9999999999999993	0.9999999999999993	0.9999999999999996	1.0000000000000004	1.0000000000000007	0.9999999999999999	0.9992576095025991	0.9999999999999996
114-115	0.9999999999999996	0.9999999999999998	0.9999999999999993	0.9999999999999993	0.9999999999999997	0.9999999999999993	0.9999999999999993	0.9999999999999996	1.0000000000000004	1.0000000000000007	0.9999999999999999	0.9992576095025991	0.9999999999999996
115-116	0.9999999999999996	0.9999999999999998	0.9999999999999993	0.9999999999999993	0.9999999999999997	0.9999999999999993	0.9999999999999993	0.9999999999999996	1.0000000000000004	1.0000000000000007	0.9999999999999999	0.9992576095025991	0.9999999999999996
116-117	0.9999999999999996	0.9999999999999998	0.9999999999999993	0.9999999999999993	0.9999999999999997	0.9999999999999993	0.9999999999999993	0.9999999999999996	1.0000000000000004	1.0000000000000007	0.9999999999999999	1.0000000000000007	0.9999999999999996
117-118	0.9999999999999996	0.9999999999999998	0.9999999999999993	0.9999999999999993	0.9999999999999997	0.9999999999999993	0.9999999999999993	0.9999999999999996	1.0000000000000004	1.0000000000000007	0.9999999999999999	1.0000000000000007	0.9999999999999996
118-119	0.9999999999999996	0.9999999999999998	0.9999999999999993	0.9999999999999993	0.9999999999999997	0.9999999999999993	0.9999999999999993	0.9999999999999996	1.0000000000000004	1.0000000000000007	0.9999999999999999	1.0000000000000007	0.9999999999999996
119-120	0.9999999999999996	0.9999999999999998	0.9999999999999993	0.9999999999999993	0.9999999999999997	0.9999999999999993	0.9999999999999993	0.9999999999999996	1.0000000000000004	1.0000000000000007	0.9999999999999999	1.0000000000000007	0.9999999999999996
120-121	0.9999999999999996	0.9999999999999998	0.9999999999999993	0.9999999999999993	0.9999999999999997	0.9999999999999993	0.9999999999999993	0.9999999999999996	1.0000000000000004	1.0000000000000007	0.9999999999999999	1.0000000000000007	0.9999999999999996
121-122	0.9999999999999996	0.9999999999999998	0.9999999999999993	0.9999999999999993	0.9999999999999997	0.9999999999999993	0.9999999999999993	0.9999999999999996	1.0000000000000004	1.0000000000000007	0.9999999999999999	1.0000000000000007	0.9999999999999996
122-123	0.9999999999999996	0.9999999999999998	0.9999999999999993	0.9999999999999993	0.9999999999999997	0.9999999999999993	0.9999999999999993	0.9999999999999996	1.0000000000000004	1.0000000000000007	0.9999999999999999	1.0000000000000007	0.9999999999999996
123-124	0.9999999999999996	0.9999999999999998	0.9999999999999993	0.9999999999999993	0.9999999999999997	0.9999999999999993	0.9999999999999993	0.9999999999999996	1.0000000000000004	1.0000000000000007	0.9999999999999999	1.0000000000000007	0.9999999999999996
124-125	0.9999999999999996	0.9999999999999998	0.9999999999999993	0.9999999999999993	0.9999999999999997	0.9999999999999993	0.9999999999999993	0.9999999999999996	1.0000000000000004	1.0000000000000007	0.9999999999999999	1.0000000000000007	0.9999999999999996
125-126	0.9999999999999996	0.9999999999999998	0.9999999999999993	0.9999999999999993	0.9999999999999997	0.9999999999999993	0.9999999999999993	0.9999999999999996	1.0000000000000004	1.0000000000000007	0.9999999999999999	1.0000000000000007	0.9999999999999996
126-127	0.9999999999999996	0.9999999999999998	0.9999999999999993	0.9999999999999993	0.9999999999999997	0.9999999999999993	0.9999999999999993	0.9999999999999996	1.0000000000000004	1.0000000000000007	0.9999999999999999	1.0000000000000007	0.9999999999999996
127-128	0.9999999999999996	0.9999999999999998	0.9999999999999993	0.9999999999999993	0.9999999999999997	0.9999999999999993	0.9999999999999993	0.9999999999999996	1.0000000000000004	1.0000000000000007	0.9999999999999999	1.0000000000000007	0.9999999999999996
128-129	0.9999999999999996	0.9999999999999998	0.9999999999999993	0.9999999999999993	0.9999999999999997	0.9999999999999993	0.9999999999999993	0.9999999999999996	1.0000000000000004	1.0000000000000007	0.9999999999999999	1.0000000000000007	0.9999999999999996
129-130	0.9999999999999996	0.9999999999999998	0.9999999999999993	0.9999999999999993	0.9999999999999997	0.9999999999999993	0.9999999999999993	0.9999999999999996	1.0000000000000004	1.0000000000000007	0.9999999999999999	1.0000000000000007	0.9999999999999996
130-131	0.9999999999999996	0.9999999999999998	0.9999999999999993	0.9999999999999993	0.9999999999999997	0.9999999999999993	0.9999999999999993	0.9999999999999996	1.0000000000000004	1.0000000000000007	0.9999999999999999	1.0000000000000007	0.9999999999999996
131-132	0.9999999999999996	0.9999999999999998	0.9999999999999993	0.9999999999999993	0.9999999999999997	0.9999999999999993	0.9999999999999993	0.9999999999999996	1.0000000000000004	1.0000000000000007	0.9999999999999999	1.0000000000000007	0.9999999999999996
132-133	0.9999999999999996	0.9999999999999998	0.9999999999999993	0.9999999999999993	0.9999999999999997	0.9999999999999993	0.9999999999999993	0.9999999999999996	1.0000000000000004	1.0000000000000007	0.9999999999999999	1.0000000000000007	0.9999999999999996
133-134	0.9999999999999996	0.9999999999999998	0.9999999999999993	0.9999999999999993	0.9999999999999997	0.9999999999999993	0.9999999999999993	0.9999999999999996	1.0000000000000004	1.0000000000000007	0.9999999999999999	1.0000000000000007	0.9999999999999996
134-135	0.9999999999999996	0.9999999999999998	0.9999999999999993	0.9999999999999993	0.9999999999999997	0.9999999999999993	0.9999999999999993	0.9999999999999996	1.0000000000000004	1.0000000000000007	0.9999999999999999	1.0000000000000007	0.9999999999999996
135-136	0.9999999999999996	0.9999999999999998	0.9999999999999993	0.9999999999999993	0.9999999999999997	0.9999999999999993	0.9999999999999993	0.9999999999999996	1.0000000000000004	1.0000000000000007	0.9999999999999999	1.0000000000000007	0.9999999999999996
136-137	0.9999999999999996	0.9999999999999998	0.9999999999999993	0.9999999999999993	0.9999999999999997	0.9999999999999993	0.9999999999999993	0.9999999999999996	1.0000000000000004	1.0000000000000007	0.9999999999999999	1.0000000000000007	0.9999999999999996
137-138	0.9999999999999996	0.9999999999999998	0.9999999999999993	0.9999999999999993	0.9999999999999997	0.9999999999999993	0.9999999999999993	0.9999999999999996	1.0000000000000004	1.0000000000000007	0.9999999999999999	1.0000000000000007	0.9999999999999996
138-139	0.9999999999999996	0.9999999999999998	0.9999999999999993	0.9999999999999993	0.9999999999999997	0.9999999999999993	0.9999999999999993	0.9999999999999996	1.0000000000000004	1.0000000000000007	0.9999999999999999	1.0000000000000007	0.9999999999999996
139-140	0.9999999999999996	0.9999999999999998	0.9999999999999993	0.9999999999999993	0.9999999999999997	0.9999999999999993	0.9999999999999993	0.9999999999999996	1.0000000000000004	1.0000000000000007	0.9999999999999999	1.0000000000000007	0.9999999999999996
140-141	0.9999999999999996	0.9999999999999998	0.9999999999999993	0.9999999999999993	0.9999999999999997	0.9999999999999993	0.9999999999999993	0.9999999999999996	1.0000000000000004	1.0000000000000007	0.9999999999999999	1.0000000000000007	0.9999999999999996
141-142	0.9999999999999996	0.9999999999999998	0.9999999999999993	0.9999999999999993	0.9999999999999997	0.9999999999999993	0.9999999999999993	0.9999999999999996	1.0000000000000004	1.0000000000000007	0.9999999999999999	1.0000000000000007	0.9999999999999996
142-143	0.9999999999999996	0.9999999999999998	0.9999999999999993	0.9999999999999993	0.9999999999999997	0.9999999999999993	0.9999999999999993	0.9999999999999996	1.0000000000000004	1.0000000000000007	0.9999999999999999	1.0000000000000007	0.9999999999999996
143-144	0.9999999999999996	0.9999999999999998	0.9999999999999993	0.9999999999999993	0.9999999999999997	0.9999999999999993	0.9999999999999993	0.9999999999999996	1.0000000000000004	1.0000000000000007	0.9999999999999999	1.0000000000000007	0.9999999999999996
144-145	0.9999999999999996	0.9999999999999998	0.9999999999999993	0.9999999999999993	0.9999999999999997	0.9999999999999993	0.9999999999999993	0.9999999999999996	1.0000000000000004	1.0000000000000007	0.9999999999999999	1.0000000000000007	0.9999999999999996
145-146	0.9999999999999996	0.9999999999999998	0.9999999999999993	0.9999999999999993	0.9999999999999997	0.9999999999999993	0.9999999999999993	0.9999999999999996	1.0000000000000004	1.0000000000000007	0.9999999999999999	1.0000000000000007	0.9999999999999996
146-147	0.9999999999999996	0.9999999999999998	0.9999999999999993	0.9999999999999993	0.9999999999999997	0.9999999999999993	0.9999999999999993	0.9999999999999996	1.0000000000000004	1.0000000000000007	0.9999999999999999	1.0000000000000007	0.9999999999999996
147-148	0.9999999999999996	0.9999999999999998	0.9999999999999993	0.9999999999999993	0.9999999999999997	0.9999999999999993	0.9999999999999993	0.9999999999999996	1.0000000000000004	1.0000000000000007	0.9999999999999999	1.0000000000000007	0.9999999999999996
148-149	0.9999999999999996	0.9999999999999998	0.9999999999999993	0.9999999999999993	0.9999999999999997	0.9999999999999993	0.9999999999999993	0.9999999999999996	1.0000000000000004	1.0000000000000007	0.9999999999999999	1.0000000000000007	0.9999999999999996
149-150	0.9999999999999996	0.9999999999999998	0.9999999999999993	0.9999999999999993	0.9999999999999997	0.9999999999999993	0.9999999999999993	0.9999999999999996	1.0000000000000004	1.0000000000000007	0.9999999999999999	1.0000000000000007	0.9999999999999996
